15 0.615365 0.227117 0.395313 0.165301
15 0.126562 0.053620 0.075000 0.051230
15 0.124740 0.115949 0.065104 0.052254
15 0.125521 0.179645 0.072917 0.051230
15 0.125521 0.243511 0.069792 0.053279
15 0.128906 0.310280 0.076563 0.048156
15 0.130469 0.548327 0.063021 0.039276
15 0.194010 0.548327 0.059896 0.037227
15 0.263802 0.547302 0.056771 0.037227
15 0.192448 0.587773 0.047396 0.030738
15 0.261458 0.593067 0.058333 0.035178
15 0.129688 0.636783 0.055208 0.033128
15 0.195573 0.636954 0.063021 0.039617
15 0.262500 0.637978 0.066667 0.041667
15 0.486198 0.679645 0.218229 0.056694
15 0.745833 0.679645 0.219792 0.054645
15 0.486198 0.794228 0.218229 0.057719
