15 0.614844 0.209009 0.353646 0.149314
15 0.121875 0.048473 0.057292 0.040835
15 0.127083 0.108479 0.064583 0.047382
15 0.125260 0.164433 0.060937 0.045200
15 0.127344 0.223660 0.068229 0.049564
15 0.125521 0.285848 0.079167 0.053616
15 0.128906 0.508416 0.060937 0.038653
15 0.192708 0.508416 0.052083 0.032419
15 0.261979 0.505767 0.050000 0.033354
15 0.195573 0.547537 0.053646 0.033354
15 0.260156 0.545511 0.057813 0.031172
15 0.129688 0.585411 0.052083 0.031172
15 0.191146 0.585879 0.052083 0.030237
15 0.261979 0.585879 0.064583 0.032107
15 0.485417 0.706827 0.210417 0.052681
15 0.743229 0.709944 0.222917 0.058915
15 0.486458 0.813747 0.222917 0.053928
