15 0.126042 0.052527 0.063542 0.049202
15 0.127083 0.121676 0.065625 0.048537
15 0.129427 0.181682 0.064062 0.048205
15 0.125260 0.249335 0.072396 0.054521
15 0.126823 0.312001 0.072396 0.049535
15 0.130469 0.540392 0.061979 0.036237
15 0.196615 0.540392 0.056771 0.032247
15 0.260677 0.539395 0.053646 0.032247
15 0.195052 0.583777 0.056771 0.035239
15 0.259896 0.583278 0.052083 0.040891
15 0.131771 0.625665 0.052083 0.031250
15 0.195052 0.626330 0.064062 0.036569
15 0.260677 0.624169 0.050521 0.034242
15 0.482292 0.688331 0.218750 0.051529
15 0.744531 0.687832 0.218229 0.050532
15 0.486719 0.797207 0.223438 0.050532
15 0.616667 0.223072 0.392708 0.162899
